  +5.91362103,      +156.74598000,        -1.06912775,          1.00000000,     0.00000000,     0.00000000,     0.00000000,     1.00000000,     0.00000000,     0.00000000,     0.00000000,     1.00000000,  +0.00967002,   +0.00967047, 319, 239
 +72.36554853,      +146.15603381,        -1.09385432,          1.00000000,     0.00000000,     0.00000000,     0.00000000,     1.00000000,     0.00000000,     0.00000000,     0.00000000,     1.00000000,  +0.00967002,   +0.00967047, 319, 239
 +48.86857351,      +153.17437790,        -1.08478123,          1.00000000,     0.00000000,     0.00000000,     0.00000000,     1.00000000,     0.00000000,     0.00000000,     0.00000000,     1.00000000,  +0.00967002,   +0.00967047, 319, 239
 +48.18340555,      +146.26962330,        -1.08470693,          1.00000000,     0.00000000,     0.00000000,     0.00000000,     1.00000000,     0.00000000,     0.00000000,     0.00000000,     1.00000000,  +0.00967002,   +0.00967047, 319, 239
 +42.21476007,      +135.78615321,        -1.08226682,          1.00000000,     0.00000000,     0.00000000,     0.00000000,     1.00000000,     0.00000000,     0.00000000,     0.00000000,     1.00000000,  +0.00967002,   +0.00967047, 319, 239
 +24.02104866,      +139.24456476,        -1.07511731,          1.00000000,     0.00000000,     0.00000000,     0.00000000,     1.00000000,     0.00000000,     0.00000000,     0.00000000,     1.00000000,  +0.00967002,   +0.00967047, 319, 239
  +5.90857742,      +135.81061553,        -1.06802035,          1.00000000,     0.00000000,     0.00000000,     0.00000000,     1.00000000,     0.00000000,     0.00000000,     0.00000000,     1.00000000,  +0.00967002,   +0.00967047, 319, 239
  -0.16173924,      +139.30111492,        -1.06558338,          1.00000000,     0.00000000,     0.00000000,     0.00000000,     1.00000000,     0.00000000,     0.00000000,     0.00000000,     1.00000000,  +0.00967002,   +0.00967047, 319, 239
  -6.18480954,      +128.81415105,        -1.06333455,          1.00000000,     0.00000000,     0.00000000,     0.00000000,     1.00000000,     0.00000000,     0.00000000,     0.00000000,     1.00000000,  +0.00967002,   +0.00967047, 319, 239
 -18.28359908,      +114.93526819,        -1.05836251,          1.00000000,     0.00000000,     0.00000000,     0.00000000,     1.00000000,     0.00000000,     0.00000000,     0.00000000,     1.00000000,  +0.00967002,   +0.00967047, 319, 239
 +11.98161671,      +118.41294025,        -1.07061121,          1.00000000,     0.00000000,     0.00000000,     0.00000000,     1.00000000,     0.00000000,     0.00000000,     0.00000000,     1.00000000,  +0.00967002,   +0.00967047, 319, 239
 +24.02604031,      +160.19565445,        -1.07470743,          1.00000000,     0.00000000,     0.00000000,     0.00000000,     1.00000000,     0.00000000,     0.00000000,     0.00000000,     1.00000000,  +0.00967002,   +0.00967047, 319, 239
 +36.14119568,      +118.37080660,        -1.07989361,          1.00000000,     0.00000000,     0.00000000,     0.00000000,     1.00000000,     0.00000000,     0.00000000,     0.00000000,     1.00000000,  +0.00967002,   +0.00967047, 319, 239
 +54.28209019,      +114.82280431,        -1.08691201,          1.00000000,     0.00000000,     0.00000000,     0.00000000,     1.00000000,     0.00000000,     0.00000000,     0.00000000,     1.00000000,  +0.00967002,   +0.00967047, 319, 239
 +66.35606883,      +128.82735195,        -1.09149598,          1.00000000,     0.00000000,     0.00000000,     0.00000000,     1.00000000,     0.00000000,     0.00000000,     0.00000000,     1.00000000,  +0.00967002,   +0.00967047, 319, 239
 +84.47933179,      +125.30886620,        -1.09783394,          1.00000000,     0.00000000,     0.00000000,     0.00000000,     1.00000000,     0.00000000,     0.00000000,     0.00000000,     1.00000000,  +0.00967002,   +0.00967047, 319, 239
+108.61971903,      +125.29968200,        -1.10547812,          1.00000000,     0.00000000,     0.00000000,     0.00000000,     1.00000000,     0.00000000,     0.00000000,     0.00000000,     1.00000000,  +0.00967002,   +0.00967047, 319, 239
 +96.51897818,      +118.36647463,        -1.10175032,          1.00000000,     0.00000000,     0.00000000,     0.00000000,     1.00000000,     0.00000000,     0.00000000,     0.00000000,     1.00000000,  +0.00967002,   +0.00967047, 319, 239
 +85.40119561,      +111.35780796,        -1.09843463,          1.00000000,     0.00000000,     0.00000000,     0.00000000,     1.00000000,     0.00000000,     0.00000000,     0.00000000,     1.00000000,  +0.00967002,   +0.00967047, 319, 239
 +78.92452592,      +107.90281131,        -1.09615000,          1.00000000,     0.00000000,     0.00000000,     0.00000000,     1.00000000,     0.00000000,     0.00000000,     0.00000000,     1.00000000,  +0.00967002,   +0.00967047, 319, 239
 +60.56263994,      +104.19485496,        -1.08947918,          1.00000000,     0.00000000,     0.00000000,     0.00000000,     1.00000000,     0.00000000,     0.00000000,     0.00000000,     1.00000000,  +0.00967002,   +0.00967047, 319, 239
 +36.09349005,       +97.36364130,        -1.08021825,          1.00000000,     0.00000000,     0.00000000,     0.00000000,     1.00000000,     0.00000000,     0.00000000,     0.00000000,     1.00000000,  +0.00967002,   +0.00967047, 319, 239
 +28.20034379,      +163.85723548,        -1.07633803,          1.00000000,     0.00000000,     0.00000000,     0.00000000,     1.00000000,     0.00000000,     0.00000000,     0.00000000,     1.00000000,  +0.00967002,   +0.00967047, 319, 239
 +24.03871268,      +104.41324386,        -1.07530201,          1.00000000,     0.00000000,     0.00000000,     0.00000000,     1.00000000,     0.00000000,     0.00000000,     0.00000000,     1.00000000,  +0.00967002,   +0.00967047, 319, 239
  +6.43550604,      +100.84081828,        -1.06843318,          1.00000000,     0.00000000,     0.00000000,     0.00000000,     1.00000000,     0.00000000,     0.00000000,     0.00000000,     1.00000000,  +0.00967002,   +0.00967047, 319, 239
  -6.13462977,      +107.95501596,        -1.06341403,          1.00000000,     0.00000000,     0.00000000,     0.00000000,     1.00000000,     0.00000000,     0.00000000,     0.00000000,     1.00000000,  +0.00967002,   +0.00967047, 319, 239
 -12.19669729,      +104.37197632,        -1.06097517,          1.00000000,     0.00000000,     0.00000000,     0.00000000,     1.00000000,     0.00000000,     0.00000000,     0.00000000,     1.00000000,  +0.00967002,   +0.00967047, 319, 239
 -33.83015819,      +102.63927040,        -1.05365305,          1.00000000,     0.00000000,     0.00000000,     0.00000000,     1.00000000,     0.00000000,     0.00000000,     0.00000000,     1.00000000,  +0.00967002,   +0.00967047, 319, 239
 -30.39914256,       +93.89631709,        -1.05517980,          1.00000000,     0.00000000,     0.00000000,     0.00000000,     1.00000000,     0.00000000,     0.00000000,     0.00000000,     1.00000000,  +0.00967002,   +0.00967047, 319, 239
 -36.39640143,       +83.47835889,        -1.05287370,          1.00000000,     0.00000000,     0.00000000,     0.00000000,     1.00000000,     0.00000000,     0.00000000,     0.00000000,     1.00000000,  +0.00967002,   +0.00967047, 319, 239
  -6.20460955,       +93.97607039,        -1.06360048,          1.00000000,     0.00000000,     0.00000000,     0.00000000,     1.00000000,     0.00000000,     0.00000000,     0.00000000,     1.00000000,  +0.00967002,   +0.00967047, 319, 239
  +5.97550415,       +93.90539965,        -1.06833503,          1.00000000,     0.00000000,     0.00000000,     0.00000000,     1.00000000,     0.00000000,     0.00000000,     0.00000000,     1.00000000,  +0.00967002,   +0.00967047, 319, 239
 +17.95897996,       +86.94585630,        -1.07318233,          1.00000000,     0.00000000,     0.00000000,     0.00000000,     1.00000000,     0.00000000,     0.00000000,     0.00000000,     1.00000000,  +0.00967002,   +0.00967047, 319, 239
 +36.11435167,      +160.20520777,        -1.07941917,          1.00000000,     0.00000000,     0.00000000,     0.00000000,     1.00000000,     0.00000000,     0.00000000,     0.00000000,     1.00000000,  +0.00967002,   +0.00967047, 319, 239
 +48.19426510,       +83.47186764,        -1.08483284,          1.00000000,     0.00000000,     0.00000000,     0.00000000,     1.00000000,     0.00000000,     0.00000000,     0.00000000,     1.00000000,  +0.00967002,   +0.00967047, 319, 239
 +66.29361991,       +86.97303513,        -1.09171021,          1.00000000,     0.00000000,     0.00000000,     0.00000000,     1.00000000,     0.00000000,     0.00000000,     0.00000000,     1.00000000,  +0.00967002,   +0.00967047, 319, 239
 +78.42331649,       +93.87115892,        -1.09610675,          1.00000000,     0.00000000,     0.00000000,     0.00000000,     1.00000000,     0.00000000,     0.00000000,     0.00000000,     1.00000000,  +0.00967002,   +0.00967047, 319, 239
 +96.56357110,       +97.40560232,        -1.10187389,          1.00000000,     0.00000000,     0.00000000,     0.00000000,     1.00000000,     0.00000000,     0.00000000,     0.00000000,     1.00000000,  +0.00967002,   +0.00967047, 319, 239
+108.60402613,       +97.39663179,        -1.10545856,          1.00000000,     0.00000000,     0.00000000,     0.00000000,     1.00000000,     0.00000000,     0.00000000,     0.00000000,     1.00000000,  +0.00967002,   +0.00967047, 319, 239
+120.66942904,      +104.41804729,        -1.10927295,          1.00000000,     0.00000000,     0.00000000,     0.00000000,     1.00000000,     0.00000000,     0.00000000,     0.00000000,     1.00000000,  +0.00967002,   +0.00967047, 319, 239
+114.62991220,      +107.86728756,        -1.10715657,          1.00000000,     0.00000000,     0.00000000,     0.00000000,     1.00000000,     0.00000000,     0.00000000,     0.00000000,     1.00000000,  +0.00967002,   +0.00967047, 319, 239
+126.74919492,       +86.92909814,        -1.11167889,          1.00000000,     0.00000000,     0.00000000,     0.00000000,     1.00000000,     0.00000000,     0.00000000,     0.00000000,     1.00000000,  +0.00967002,   +0.00967047, 319, 239
+132.70672669,       +83.35479569,        -1.11309509,          1.00000000,     0.00000000,     0.00000000,     0.00000000,     1.00000000,     0.00000000,     0.00000000,     0.00000000,     1.00000000,  +0.00967002,   +0.00967047, 319, 239
+108.62829503,       +76.50412660,        -1.10563297,          1.00000000,     0.00000000,     0.00000000,     0.00000000,     1.00000000,     0.00000000,     0.00000000,     0.00000000,     1.00000000,  +0.00967002,   +0.00967047, 319, 239
 +60.29533877,      +160.20263865,        -1.08868606,          1.00000000,     0.00000000,     0.00000000,     0.00000000,     1.00000000,     0.00000000,     0.00000000,     0.00000000,     1.00000000,  +0.00967002,   +0.00967047, 319, 239
 +84.47940933,       +76.44702637,        -1.09820021,          1.00000000,     0.00000000,     0.00000000,     0.00000000,     1.00000000,     0.00000000,     0.00000000,     0.00000000,     1.00000000,  +0.00967002,   +0.00967047, 319, 239
 +42.17362015,       +72.97601014,        -1.08232938,          1.00000000,     0.00000000,     0.00000000,     0.00000000,     1.00000000,     0.00000000,     0.00000000,     0.00000000,     1.00000000,  +0.00967002,   +0.00967047, 319, 239
 +24.05547444,       +76.46954469,        -1.07548395,          1.00000000,     0.00000000,     0.00000000,     0.00000000,     1.00000000,     0.00000000,     0.00000000,     0.00000000,     1.00000000,  +0.00967002,   +0.00967047, 319, 239
  +5.89520592,       +73.00529407,        -1.06818902,          1.00000000,     0.00000000,     0.00000000,     0.00000000,     1.00000000,     0.00000000,     0.00000000,     0.00000000,     1.00000000,  +0.00967002,   +0.00967047, 319, 239
  -0.17935220,       +76.51658470,        -1.06568831,          1.00000000,     0.00000000,     0.00000000,     0.00000000,     1.00000000,     0.00000000,     0.00000000,     0.00000000,     1.00000000,  +0.00967002,   +0.00967047, 319, 239
 -18.25754501,       +73.02321360,        -1.05875697,          1.00000000,     0.00000000,     0.00000000,     0.00000000,     1.00000000,     0.00000000,     0.00000000,     0.00000000,     1.00000000,  +0.00967002,   +0.00967047, 319, 239
 -30.36811597,       +73.04844022,        -1.05621514,          1.00000000,     0.00000000,     0.00000000,     0.00000000,     1.00000000,     0.00000000,     0.00000000,     0.00000000,     1.00000000,  +0.00967002,   +0.00967047, 319, 239
 -24.30649012,       +55.60987161,        -1.05792718,          1.00000000,     0.00000000,     0.00000000,     0.00000000,     1.00000000,     0.00000000,     0.00000000,     0.00000000,     1.00000000,  +0.00967002,   +0.00967047, 319, 239
 -11.56979169,       +48.45157967,        -1.05972506,          1.00000000,     0.00000000,     0.00000000,     0.00000000,     1.00000000,     0.00000000,     0.00000000,     0.00000000,     1.00000000,  +0.00967002,   +0.00967047, 319, 239
  -6.17086518,       +52.00489884,        -1.06111569,          1.00000000,     0.00000000,     0.00000000,     0.00000000,     1.00000000,     0.00000000,     0.00000000,     0.00000000,     1.00000000,  +0.00967002,   +0.00967047, 319, 239
 +78.42006971,      +156.74463722,        -1.09539520,          1.00000000,     0.00000000,     0.00000000,     0.00000000,     1.00000000,     0.00000000,     0.00000000,     0.00000000,     1.00000000,  +0.00967002,   +0.00967047, 319, 239
 -12.09640899,       +41.58224969,        -1.05987155,          1.00000000,     0.00000000,     0.00000000,     0.00000000,     1.00000000,     0.00000000,     0.00000000,     0.00000000,     1.00000000,  +0.00967002,   +0.00967047, 319, 239
  +5.89505226,       +52.04716646,        -1.06419450,          1.00000000,     0.00000000,     0.00000000,     0.00000000,     1.00000000,     0.00000000,     0.00000000,     0.00000000,     1.00000000,  +0.00967002,   +0.00967047, 319, 239
 +24.03366263,       +55.53757867,        -1.06929111,          1.00000000,     0.00000000,     0.00000000,     0.00000000,     1.00000000,     0.00000000,     0.00000000,     0.00000000,     1.00000000,  +0.00967002,   +0.00967047, 319, 239
 +42.09735708,       +52.09249744,        -1.07360269,          1.00000000,     0.00000000,     0.00000000,     0.00000000,     1.00000000,     0.00000000,     0.00000000,     0.00000000,     1.00000000,  +0.00967002,   +0.00967047, 319, 239
 +60.28770473,       +62.49990966,        -1.07842340,          1.00000000,     0.00000000,     0.00000000,     0.00000000,     1.00000000,     0.00000000,     0.00000000,     0.00000000,     1.00000000,  +0.00967002,   +0.00967047, 319, 239
 +72.50589067,       +62.53457685,        -1.08095860,          1.00000000,     0.00000000,     0.00000000,     0.00000000,     1.00000000,     0.00000000,     0.00000000,     0.00000000,     1.00000000,  +0.00967002,   +0.00967047, 319, 239
 +96.48196807,       +62.47962675,        -1.08564938,          1.00000000,     0.00000000,     0.00000000,     0.00000000,     1.00000000,     0.00000000,     0.00000000,     0.00000000,     1.00000000,  +0.00967002,   +0.00967047, 319, 239
+126.70939375,       +66.05225810,        -1.09087529,          1.00000000,     0.00000000,     0.00000000,     0.00000000,     1.00000000,     0.00000000,     0.00000000,     0.00000000,     1.00000000,  +0.00967002,   +0.00967047, 319, 239
+128.22317302,       +60.59077306,        -1.09164759,          1.00000000,     0.00000000,     0.00000000,     0.00000000,     1.00000000,     0.00000000,     0.00000000,     0.00000000,     1.00000000,  +0.00967002,   +0.00967047, 319, 239
+120.71707472,       +55.52290446,        -1.09039486,          1.00000000,     0.00000000,     0.00000000,     0.00000000,     1.00000000,     0.00000000,     0.00000000,     0.00000000,     1.00000000,  +0.00967002,   +0.00967047, 319, 239
 +90.50470133,      +156.72827530,        -1.09956984,          1.00000000,     0.00000000,     0.00000000,     0.00000000,     1.00000000,     0.00000000,     0.00000000,     0.00000000,     1.00000000,  +0.00967002,   +0.00967047, 319, 239
+109.50324449,       +48.63573333,        -1.08837602,          1.00000000,     0.00000000,     0.00000000,     0.00000000,     1.00000000,     0.00000000,     0.00000000,     0.00000000,     1.00000000,  +0.00967002,   +0.00967047, 319, 239
+102.64813396,       +45.08060489,        -1.08725115,          1.00000000,     0.00000000,     0.00000000,     0.00000000,     1.00000000,     0.00000000,     0.00000000,     0.00000000,     1.00000000,  +0.00967002,   +0.00967047, 319, 239
+108.53688412,       +41.57814406,        -1.08823254,          1.00000000,     0.00000000,     0.00000000,     0.00000000,     1.00000000,     0.00000000,     0.00000000,     0.00000000,     1.00000000,  +0.00967002,   +0.00967047, 319, 239
 +78.40411317,       +45.09611454,        -1.08303938,          1.00000000,     0.00000000,     0.00000000,     0.00000000,     1.00000000,     0.00000000,     0.00000000,     0.00000000,     1.00000000,  +0.00967002,   +0.00967047, 319, 239
 +60.27926836,       +41.63806355,        -1.07875853,          1.00000000,     0.00000000,     0.00000000,     0.00000000,     1.00000000,     0.00000000,     0.00000000,     0.00000000,     1.00000000,  +0.00967002,   +0.00967047, 319, 239
 +54.91916930,       +38.10440971,        -1.07727470,          1.00000000,     0.00000000,     0.00000000,     0.00000000,     1.00000000,     0.00000000,     0.00000000,     0.00000000,     1.00000000,  +0.00967002,   +0.00967047, 319, 239
 +36.12784104,       +34.61457229,        -1.07346637,          1.00000000,     0.00000000,     0.00000000,     0.00000000,     1.00000000,     0.00000000,     0.00000000,     0.00000000,     1.00000000,  +0.00967002,   +0.00967047, 319, 239
 +11.93452778,       +34.55181249,        -1.06652278,          1.00000000,     0.00000000,     0.00000000,     0.00000000,     1.00000000,     0.00000000,     0.00000000,     0.00000000,     1.00000000,  +0.00967002,   +0.00967047, 319, 239
  -6.16037395,       +24.16878867,        -1.06198022,          1.00000000,     0.00000000,     0.00000000,     0.00000000,     1.00000000,     0.00000000,     0.00000000,     0.00000000,     1.00000000,  +0.00967002,   +0.00967047, 319, 239
 -11.37437668,       +25.83524725,        -1.06044974,          1.00000000,     0.00000000,     0.00000000,     0.00000000,     1.00000000,     0.00000000,     0.00000000,     0.00000000,     1.00000000,  +0.00967002,   +0.00967047, 319, 239
+105.78471083,      +144.69258073,        -1.10476105,          1.00000000,     0.00000000,     0.00000000,     0.00000000,     1.00000000,     0.00000000,     0.00000000,     0.00000000,     1.00000000,  +0.00967002,   +0.00967047, 319, 239
  +5.90955569,       +10.21020688,        -1.06457611,          1.00000000,     0.00000000,     0.00000000,     0.00000000,     1.00000000,     0.00000000,     0.00000000,     0.00000000,     1.00000000,  +0.00967002,   +0.00967047, 319, 239
 +23.96675110,       +20.69573907,        -1.06950999,          1.00000000,     0.00000000,     0.00000000,     0.00000000,     1.00000000,     0.00000000,     0.00000000,     0.00000000,     1.00000000,  +0.00967002,   +0.00967047, 319, 239
 +24.01359965,       +13.70686550,        -1.06973821,          1.00000000,     0.00000000,     0.00000000,     0.00000000,     1.00000000,     0.00000000,     0.00000000,     0.00000000,     1.00000000,  +0.00967002,   +0.00967047, 319, 239
 +36.03637393,       +13.63064054,        -1.07258860,          1.00000000,     0.00000000,     0.00000000,     0.00000000,     1.00000000,     0.00000000,     0.00000000,     0.00000000,     1.00000000,  +0.00967002,   +0.00967047, 319, 239
 +54.40885819,       +10.28509920,        -1.07696644,          1.00000000,     0.00000000,     0.00000000,     0.00000000,     1.00000000,     0.00000000,     0.00000000,     0.00000000,     1.00000000,  +0.00967002,   +0.00967047, 319, 239
 +54.08844442,       +24.18504072,        -1.07732394,          1.00000000,     0.00000000,     0.00000000,     0.00000000,     1.00000000,     0.00000000,     0.00000000,     0.00000000,     1.00000000,  +0.00967002,   +0.00967047, 319, 239
 +66.36351020,       +31.06674289,        -1.07996016,          1.00000000,     0.00000000,     0.00000000,     0.00000000,     1.00000000,     0.00000000,     0.00000000,     0.00000000,     1.00000000,  +0.00967002,   +0.00967047, 319, 239
 +90.79854220,       +30.90088591,        -1.08497750,          1.00000000,     0.00000000,     0.00000000,     0.00000000,     1.00000000,     0.00000000,     0.00000000,     0.00000000,     1.00000000,  +0.00967002,   +0.00967047, 319, 239
+102.78358998,       +30.92986946,        -1.08735141,          1.00000000,     0.00000000,     0.00000000,     0.00000000,     1.00000000,     0.00000000,     0.00000000,     0.00000000,     1.00000000,  +0.00967002,   +0.00967047, 319, 239
 +96.57115515,       +20.64125453,        -1.08656045,          1.00000000,     0.00000000,     0.00000000,     0.00000000,     1.00000000,     0.00000000,     0.00000000,     0.00000000,     1.00000000,  +0.00967002,   +0.00967047, 319, 239
 +96.56222728,      +139.29442534,        -1.10180303,          1.00000000,     0.00000000,     0.00000000,     0.00000000,     1.00000000,     0.00000000,     0.00000000,     0.00000000,     1.00000000,  +0.00967002,   +0.00967047, 319, 239
 +90.48797404,       +10.16087645,        -1.08549922,          1.00000000,     0.00000000,     0.00000000,     0.00000000,     1.00000000,     0.00000000,     0.00000000,     0.00000000,     1.00000000,  +0.00967002,   +0.00967047, 319, 239
 +72.32407676,       +13.61321838,        -1.08180549,          1.00000000,     0.00000000,     0.00000000,     0.00000000,     1.00000000,     0.00000000,     0.00000000,     0.00000000,     1.00000000,  +0.00967002,   +0.00967047, 319, 239
 +72.36438169,        +2.86544216,        -1.08171786,          1.00000000,     0.00000000,     0.00000000,     0.00000000,     1.00000000,     0.00000000,     0.00000000,     0.00000000,     1.00000000,  +0.00967002,   +0.00967047, 319, 239
 +89.77544410,        +1.59330425,        -1.38786645,          1.00000000,     0.00000000,     0.00000000,     0.00000000,     1.00000000,     0.00000000,     0.00000000,     0.00000000,     1.00000000,  +0.00966893,   +0.00966937, 319, 239
  +6.52189521,        +1.19787488,        -1.35229088,          1.00000000,     0.00000000,     0.00000000,     0.00000000,     1.00000000,     0.00000000,     0.00000000,     0.00000000,     1.00000000,  +0.00966893,   +0.00966937, 319, 239
 -44.51336481,       +88.12962979,        -1.33179819,          1.00000000,     0.00000000,     0.00000000,     0.00000000,     1.00000000,     0.00000000,     0.00000000,     0.00000000,     1.00000000,  +0.00966893,   +0.00966937, 319, 239
  -2.56584191,      +160.91292259,        -1.34781149,          1.00000000,     0.00000000,     0.00000000,     0.00000000,     1.00000000,     0.00000000,     0.00000000,     0.00000000,     1.00000000,  +0.00966893,   +0.00966937, 319, 239
 +98.03781664,      +160.93615928,        -1.39034756,          1.00000000,     0.00000000,     0.00000000,     0.00000000,     1.00000000,     0.00000000,     0.00000000,     0.00000000,     1.00000000,  +0.00966893,   +0.00966937, 319, 239
+139.81120517,       +88.37793846,        -1.40624870,          1.00000000,     0.00000000,     0.00000000,     0.00000000,     1.00000000,     0.00000000,     0.00000000,     0.00000000,     1.00000000,  +0.00966893,   +0.00966937, 319, 239
